0 12 13 17
0 7 16 12
0 11 8 16
0 6 13 14
0 9 6 9
0 5 9 16
0 10 18 20
0 8 16 10
0 8 7 6
0 18 14 13
0 33 20 30
0 24 21 34
0 32 29 20
0 32 28 34
0 31 28 33
0 31 35 33
0 25 23 22
0 39 39 32
0 37 21 40
0 20 34 38
0 42 56 60
0 41 51 42
0 59 53 59
0 45 51 49
0 52 49 58
0 45 47 60
0 46 59 60
0 50 55 57
0 51 57 44
0 47 44 42
0 75 79 72
0 69 60 68
0 67 64 69
0 71 66 71
0 63 68 62
0 62 79 65
0 73 67 63
0 71 63 64
0 61 76 62
0 74 71 67
0 95 95 90
0 80 99 80
0 86 80 95
0 100 98 98
0 84 80 90
0 81 92 96
0 87 98 88
0 86 96 97
0 88 86 82
0 82 80 88
