0 14 6 20
0 16 13 20
0 16 12 5
0 8 20 5
0 19 10 12
0 6 13 14
0 18 5 14
0 18 18 10
0 20 9 8
0 18 7 17
0 21 29 28
0 33 36 26
0 29 27 28
0 33 28 29
0 37 27 35
0 25 26 22
0 26 20 26
0 26 37 25
0 23 33 20
0 29 26 36
0 53 43 56
0 49 42 57
0 47 52 54
0 56 54 52
0 54 58 40
0 52 46 44
0 57 44 48
0 50 43 59
0 44 52 43
0 54 60 58
0 69 69 71
0 61 60 66
0 76 65 71
0 69 75 78
0 79 65 69
0 67 65 66
0 78 69 79
0 67 76 68
0 63 77 60
0 77 65 75
0 90 86 97
0 80 94 81
0 97 88 83
0 94 88 89
0 95 87 98
0 81 85 96
0 100 94 86
0 99 99 87
0 84 81 82
0 95 82 80
