0 80 100 90
0 90 96 88
0 93 96 99
0 93 86 88
0 89 93 81
0 94 88 82
0 83 89 99
0 94 99 92
0 97 100 80
0 96 86 91
0 61 69 68
0 73 76 66
0 69 67 68
0 73 68 69
0 77 67 75
0 65 66 62
0 66 60 66
0 66 77 65
0 63 73 60
0 69 66 76
0 53 43 56
0 49 42 57
0 47 52 54
0 56 54 52
0 54 58 40
0 52 46 44
0 57 44 48
0 50 43 59
0 44 52 43
0 54 60 58
0 29 29 31
0 21 20 26
0 36 25 31
0 29 35 38
0 39 25 29
0 27 25 26
0 38 29 39
0 27 36 28
0 23 37 20
0 37 25 35
0 18 7 5
0 9 9 5
0 19 12 15
0 19 11 8
0 13 17 12
0 10 14 11
0 20 10 7
0 19 14 14
0 16 14 16
0 18 17 13
