0 12 13 17
0 7 16 12
0 11 8 16
0 6 13 14
0 9 6 9
0 5 9 16
0 10 18 20
0 8 16 10
0 8 7 6
0 18 14 13
0 17 8 15
0 16 8 12
0 10 17 19
0 5 14 14
0 11 13 14
0 8 19 9
0 5 11 18
0 20 10 6
0 13 16 14
0 19 6 7
0 22 36 40
0 21 31 22
0 39 33 39
0 25 31 29
0 32 29 38
0 25 27 40
0 26 39 40
0 30 35 37
0 31 37 24
0 27 24 22
0 35 39 32
0 29 20 28
0 27 24 29
0 31 26 31
0 23 28 22
0 22 39 25
0 33 27 23
0 31 23 24
0 21 36 22
0 34 31 27
0 55 55 50
0 40 59 40
0 46 40 55
0 60 58 58
0 44 40 50
0 41 52 56
0 47 58 48
0 46 56 57
0 48 46 42
0 42 40 48
0 41 42 55
0 60 52 50
0 50 40 54
0 50 49 49
0 44 57 54
0 50 51 49
0 55 49 44
0 50 50 43
0 52 56 47
0 45 57 52
0 75 63 61
0 72 70 60
0 67 72 64
0 62 72 71
0 60 73 71
0 62 72 77
0 66 61 62
0 79 72 64
0 75 65 74
0 76 74 80
0 64 62 75
0 72 63 80
0 76 68 79
0 79 73 69
0 75 71 75
0 60 77 61
0 62 76 79
0 67 77 76
0 77 68 74
0 72 71 78
0 100 94 83
0 87 92 100
0 83 92 90
0 89 89 97
0 82 93 86
0 87 100 97
0 85 90 89
0 100 87 82
0 99 85 92
0 97 91 82
0 80 92 100
0 81 94 98
0 86 81 89
0 99 84 93
0 94 82 80
0 87 80 89
0 85 99 89
0 87 91 98
0 83 97 95
0 88 93 81
