0 14 6 20
0 16 13 20
0 16 12 5
0 8 20 5
0 19 10 12
0 6 13 14
0 18 5 14
0 18 18 10
0 20 9 8
0 18 7 17
0 21 29 28
0 33 36 26
0 29 27 28
0 33 28 29
0 37 27 35
0 25 26 22
0 26 20 26
0 26 37 25
0 23 33 20
0 29 26 36
0 53 43 56
0 49 42 57
0 47 52 54
0 56 54 52
0 54 58 40
0 52 46 44
0 57 44 48
0 50 43 59
0 44 52 43
0 54 60 58
0 29 29 31
0 21 20 26
0 36 25 31
0 29 35 38
0 39 25 29
0 27 25 26
0 38 29 39
0 27 36 28
0 23 37 20
0 37 25 35
0 18 7 5
0 9 9 5
0 19 12 15
0 19 11 8
0 13 17 12
0 10 14 11
0 20 10 7
0 19 14 14
0 16 14 16
0 18 17 13
