0 62 22 84
0 96 45 100
0 96 12 21
0 72 68 37
0 35 42 60
0 22 61 46
0 98 5 78
0 34 18 74
0 100 25 8
0 66 71 97
0 78 17 31
0 48 63 26
0 5 81 85
0 9 94 11
0 94 84 26
0 97 95 82
0 20 53 59
0 23 55 73
0 35 99 14
0 62 35 24
0 15 8 15
0 65 85 52
0 36 74 49
0 36 94 92
0 46 50 95
0 68 68 93
0 34 6 43
0 36 62 84
0 33 62 92
0 46 43 20
0 80 32 73
0 90 32 62
0 45 25 31
0 56 23 41
0 24 79 44
0 9 91 32
0 53 23 30
0 30 45 7
0 41 43 20
0 70 46 92
0 66 23 85
0 41 25 69
0 67 76 47
0 67 43 8
0 29 33 44
0 42 46 27
0 52 10 71
0 51 30 30
0 48 78 64
0 98 97 77
