0 89 91 88
0 91 92 89
0 82 96 84
0 98 86 92
0 96 92 95
0 99 85 90
0 97 83 97
0 100 83 84
0 92 93 90
0 84 98 99
0 93 80 90
0 84 81 94
0 92 89 80
0 92 88 94
0 91 88 93
0 91 95 93
0 85 83 82
0 99 99 92
0 97 81 100
0 80 94 98
0 62 76 80
0 61 71 62
0 79 73 79
0 65 71 69
0 72 69 78
0 65 67 80
0 66 79 80
0 70 75 77
0 71 77 64
0 67 64 62
0 75 79 72
0 69 60 68
0 67 64 69
0 71 66 71
0 63 68 62
0 62 79 65
0 73 67 63
0 71 63 64
0 61 76 62
0 74 71 67
0 55 55 50
0 40 59 40
0 46 40 55
0 60 58 58
0 44 40 50
0 41 52 56
0 47 58 48
0 46 56 57
0 48 46 42
0 42 40 48
0 41 42 55
0 60 52 50
0 50 40 54
0 50 49 49
0 44 57 54
0 50 51 49
0 55 49 44
0 50 50 43
0 52 56 47
0 45 57 52
0 35 23 21
0 32 30 20
0 27 32 24
0 22 32 31
0 20 33 31
0 22 32 37
0 26 21 22
0 39 32 24
0 35 25 34
0 36 34 40
0 24 22 35
0 32 23 40
0 36 28 39
0 39 33 29
0 35 31 35
0 20 37 21
0 22 36 39
0 27 37 36
0 37 28 34
0 32 31 38
0 6 12 6
0 6 11 11
0 17 5 11
0 9 11 11
0 16 10 17
0 16 20 10
0 11 15 14
0 19 19 15
0 10 16 5
0 6 11 20
0 11 10 16
0 17 6 14
0 11 10 7
0 9 13 20
0 7 14 9
0 12 19 20
0 14 20 8
0 10 7 13
0 13 8 11
0 9 5 16
