0 92 61 49
0 55 80 44
0 91 72 48
0 38 77 14
0 9 86 89
0 69 25 96
0 10 98 52
0 40 80 90
0 8 39 6
0 18 14 45
0 81 56 63
0 96 72 28
0 26 17 35
0 5 94 94
0 91 13 78
0 88 35 57
0 37 59 82
0 36 90 86
0 13 48 94
0 83 22 71
0 34 69 61
0 30 22 40
0 30 81 78
0 79 34 41
0 56 86 29
0 43 78 67
0 89 60 22
0 45 56 43
0 25 100 72
0 21 75 34
0 23 75 92
0 8 32 76
0 81 69 14
0 46 44 37
0 68 22 70
0 73 12 82
0 75 21 11
0 91 8 6
0 78 93 73
0 88 49 72
0 17 50 54
0 89 54 56
0 71 89 32
0 97 77 68
0 93 74 30
0 45 95 27
0 87 95 34
0 11 6 73
0 19 26 13
0 43 32 91
0 21 22 20
0 94 83 51
0 24 77 100
0 39 26 17
0 84 46 31
0 15 100 77
0 89 53 96
0 81 54 8
0 71 87 45
0 37 91 17
0 35 80 51
0 5 63 59
0 9 53 42
0 52 83 76
0 35 39 100
0 88 71 43
0 26 51 85
0 42 65 78
0 44 28 73
0 87 31 91
0 48 97 41
0 47 80 67
0 18 34 24
0 69 30 26
0 77 10 47
0 38 88 21
0 16 90 84
0 84 43 24
0 7 28 58
0 8 88 89
0 22 76 86
0 6 11 43
0 17 53 27
0 41 11 91
0 64 42 17
0 48 100 10
0 91 63 62
0 19 51 79
0 90 64 53
0 70 91 100
0 11 26 64
0 33 22 62
0 59 42 71
0 9 45 84
0 7 46 89
0 60 35 20
0 94 36 8
0 90 7 77
0 29 40 11
0 25 69 48
