0 12 13 17
0 7 16 12
0 11 8 16
0 6 13 14
0 9 6 9
0 5 9 16
0 10 18 20
0 8 16 10
0 8 7 6
0 18 14 13
0 33 20 30
0 24 21 34
0 32 29 20
0 32 28 34
0 31 28 33
0 31 35 33
0 25 23 22
0 39 39 32
0 37 21 40
0 20 34 38
0 42 56 60
0 41 51 42
0 59 53 59
0 45 51 49
0 52 49 58
0 45 47 60
0 46 59 60
0 50 55 57
0 51 57 44
0 47 44 42
0 35 39 32
0 29 20 28
0 27 24 29
0 31 26 31
0 23 28 22
0 22 39 25
0 33 27 23
0 31 23 24
0 21 36 22
0 34 31 27
0 17 18 6
0 9 6 8
0 7 9 16
0 17 13 20
0 13 10 14
0 13 15 11
0 7 15 18
0 11 6 9
0 19 10 13
0 11 16 11
