0 89 91 88
0 91 92 89
0 82 96 84
0 98 86 92
0 96 92 95
0 99 85 90
0 97 83 97
0 100 83 84
0 92 93 90
0 84 98 99
0 73 60 70
0 64 61 74
0 72 69 60
0 72 68 74
0 71 68 73
0 71 75 73
0 65 63 62
0 79 79 72
0 77 61 80
0 60 74 78
0 42 56 60
0 41 51 42
0 59 53 59
0 45 51 49
0 52 49 58
0 45 47 60
0 46 59 60
0 50 55 57
0 51 57 44
0 47 44 42
0 35 39 32
0 29 20 28
0 27 24 29
0 31 26 31
0 23 28 22
0 22 39 25
0 33 27 23
0 31 23 24
0 21 36 22
0 34 31 27
0 17 18 6
0 9 6 8
0 7 9 16
0 17 13 20
0 13 10 14
0 13 15 11
0 7 15 18
0 11 6 9
0 19 10 13
0 11 16 11
