0 12 13 17
0 7 16 12
0 11 8 16
0 6 13 14
0 9 6 9
0 5 9 16
0 10 18 20
0 8 16 10
0 8 7 6
0 18 14 13
0 17 8 15
0 16 8 12
0 10 17 19
0 5 14 14
0 11 13 14
0 8 19 9
0 5 11 18
0 20 10 6
0 13 16 14
0 19 6 7
0 22 36 40
0 21 31 22
0 39 33 39
0 25 31 29
0 32 29 38
0 25 27 40
0 26 39 40
0 30 35 37
0 31 37 24
0 27 24 22
0 35 39 32
0 29 20 28
0 27 24 29
0 31 26 31
0 23 28 22
0 22 39 25
0 33 27 23
0 31 23 24
0 21 36 22
0 34 31 27
0 55 55 50
0 40 59 40
0 46 40 55
0 60 58 58
0 44 40 50
0 41 52 56
0 47 58 48
0 46 56 57
0 48 46 42
0 42 40 48
0 41 42 55
0 60 52 50
0 50 40 54
0 50 49 49
0 44 57 54
0 50 51 49
0 55 49 44
0 50 50 43
0 52 56 47
0 45 57 52
0 35 23 21
0 32 30 20
0 27 32 24
0 22 32 31
0 20 33 31
0 22 32 37
0 26 21 22
0 39 32 24
0 35 25 34
0 36 34 40
0 24 22 35
0 32 23 40
0 36 28 39
0 39 33 29
0 35 31 35
0 20 37 21
0 22 36 39
0 27 37 36
0 37 28 34
0 32 31 38
0 6 12 6
0 6 11 11
0 17 5 11
0 9 11 11
0 16 10 17
0 16 20 10
0 11 15 14
0 19 19 15
0 10 16 5
0 6 11 20
0 11 10 16
0 17 6 14
0 11 10 7
0 9 13 20
0 7 14 9
0 12 19 20
0 14 20 8
0 10 7 13
0 13 8 11
0 9 5 16
