3566.900
3497.800
3376.300
3563.200
3602.900
3633.400
3602.500
3498.200
3504.500
3490.300
3651.400
3465.000
3662.500
3421.800
3502.700
3665.900
3533.400
3369.000
3457.600
3411.000
3572.400
3439.300
3472.400
3404.500
3397.600
3426.900
3543.900
3574.800
3483.900
3405.000
3406.000
3377.600
3394.000
3311.400
3364.500
3223.200
3318.700
3253.200
3211.300
3277.200
3246.000
3250.400
3271.000
3249.700
3178.900
3265.000
3239.500
3261.500
3234.800
3223.100
3209.600
3244.800
3026.400
3164.300
3102.200
3147.000
3087.700
3108.300
3155.500
3073.200
3129.900
2930.000
2990.800
3003.000
2934.600
3038.200
3025.600
3066.800
2900.500
2981.800
2968.900
2987.200
3083.500
3011.300
2870.500
2911.300
3058.800
2934.100
2986.600
3022.200
2818.600
2881.600
2955.800
2922.500
2916.900
2934.600
2935.900
2886.800
2884.000
2897.600
2857.900
2786.500
2887.300
2879.900
2879.400
2811.100
2826.500
2831.400
2924.900
2800.200
2904.800
2825.200
2846.500
2889.700
2817.800
2874.200
2808.900
2895.800
2766.900
2819.100
2811.200
2812.500
2841.000
2767.900
2822.700
2816.800
2784.300
2808.700
2820.500
2786.700
2785.600
2840.900
2815.700
2853.500
2720.400
2805.400
2842.200
2769.800
2817.100
2714.600
2740.600
2755.300
2698.800
2800.800
2731.800
2722.500
2750.000
2738.900
2737.600
2740.200
2794.700
2729.700
2759.700
2800.500
2742.700
2729.000
2726.500
2683.900
2696.500
2683.600
2758.400
2714.100
2699.100
2714.500
2752.000
2713.100
2707.300
2744.200
2769.900
2747.600
2741.800
2709.200
2707.700
2686.000
2729.600
2703.400
2695.700
2715.600
2729.600
2721.400
2735.600
2730.400
2727.300
2747.400
2760.000
2730.000
2735.800
2720.400
2745.300
2684.500
2738.500
2719.900
2723.400
2676.900
2723.800
2700.200
2669.000
2654.400
2734.200
2694.800
2682.800
2654.800
2675.500
2737.800
2733.300
2711.400
2694.000
2716.300
2742.500
2689.000
2762.800
2702.500
2673.700
2702.400
2677.400
2726.300
2694.000
2732.100
2699.500
2706.800
2798.900
2735.000
2693.400
2732.300
2749.900
2682.700
2670.700
2701.700
2698.500
2696.700
2701.900
2722.400
2693.400
2671.200
2742.600
2768.000
2689.500
2699.000
2735.800
2724.300
2726.600
2696.600
2675.200
2699.800
2722.800
2673.600
2731.800
2761.200
2758.100
2717.400
2725.200
2707.000
2702.100
2690.400
2685.700
2654.000
2706.800
2757.000
2703.400
2715.600
2634.900
2749.700
2731.600
2746.400
2718.500
2702.000
2714.300
2740.600
2669.900
2768.600
2681.100
2708.100
2709.800
2740.600
2682.700
2705.700
2704.100
2691.000
2733.600
2765.100
2741.300
2690.200
2694.900
2697.800
2678.000
2730.300
2712.900
2744.000
2746.100
2732.300
2713.500
2697.200
2735.000
2688.700
2715.900
2732.400
2743.000
2702.300
2730.900
2727.400
2733.400
2744.000
2729.900
2727.800
2765.000
2726.700
2776.100
2719.600
2699.500
2685.600
2721.000
2702.500
2704.600
2729.900
2767.600
2713.900
2738.400
2714.100
2709.700
2708.200
2733.100
2783.200
2724.200
2731.200
2703.700
2692.500
2736.700
2689.000
2730.100
2720.000
2763.000
2747.300
2730.300
2699.600
2711.400
2705.400
2736.400
2706.100
2732.900
2648.400
2720.200
2764.400
2657.700
2682.000
2736.300
2705.600
2684.500
2703.800
2699.100
2718.800
2768.300
2675.000
2657.200
2743.100
2719.700
2673.500
2710.100
2701.900
2744.300
2736.800
2723.400
2740.100
2703.000
2683.300
2726.700
2745.300
2706.400
2764.700
2750.500
2815.400
2716.500
2772.000
2735.000
2711.300
2707.000
2716.400
2701.700
2759.700
2754.700
2709.800
2752.900
2803.600
2761.400
2709.500
2714.200
2728.100
2771.000
2656.200
2687.600
2728.300
2728.300
2679.900
2770.100
2661.700
2744.400
2715.500
2746.400
2754.500
2758.000
2705.900
2694.700
2765.300
2704.500
2749.900
2747.100
2698.000
2695.100
2733.200
2780.000
2709.600
2657.200
2709.700
2730.100
2730.800
2748.600
2696.200
2670.700
2712.200
2702.000
2689.200
2692.000
2728.700
2719.800
2670.500
2736.700
2687.900
2723.100
2739.200
2748.400
2719.200
2688.500
2661.500
2733.700
2775.200
2689.600
2794.000
2722.700
2703.300
2700.600
2759.800
2751.200
2701.400
2795.500
2730.600
2765.800
2681.100
2701.900
2715.300
2669.000
2740.000
2705.400
2751.800
2729.300
2705.000
2738.500
2711.000
2722.400
2671.100
2672.300
2682.800
2760.300
2695.700
2760.400
2722.000
2709.300
2675.800
2737.300
2736.700
2779.400
2725.800
2688.600
2777.100
2697.400
2753.600
2747.100
2655.800
2702.300
2661.300
2714.500
2644.300
2731.800
2728.400
2687.300
2727.400
2780.600
2734.100
2764.600
2741.900
2683.100
2714.500
2704.200
2724.500
2728.300
2712.700
2719.100
2742.900
2754.700
2687.700
2745.200
2708.300
2735.000
2705.900
2711.200
2696.400
2752.800
2673.700
2732.300
2715.800
2717.700
2714.900
2760.000
2692.600
2752.600
2724.800
2748.100
2731.800
2713.700
2682.600
2722.600
2709.700
2660.500
2769.200
2758.900
2741.000
2743.600
2743.400
2709.900
2716.700
2659.500
2662.500
2632.500
2726.600
2737.800
2654.700
2704.200
2694.700
2734.900
2733.400
2745.200
2722.500
2669.700
2709.700
2707.800
2647.600
2718.000
2695.000
2682.500
2664.200
2670.100
2737.800
2665.400
2746.900
2679.800
2719.500
2695.400
2710.500
2728.500
2726.400
2692.600
2719.600
2671.600
2696.800
2691.900
2724.500
2692.300
2754.200
2784.700
2679.800
2731.600
2729.500
2735.700
2739.800
2714.900
2726.300
2675.200
2733.400
2755.200
2704.900
2740.200
2690.200
2752.600
2767.300
2695.400
2733.500
2701.000
2724.900
2741.800
2723.800
2717.900
2760.700
2699.900
2716.800
2722.100
2739.400
2741.800
2731.500
2808.100
2732.100
2674.500
2732.500
2769.600
2687.900
2752.600
2755.500
2750.200
2719.700
2735.000
2707.500
2697.800
2742.600
2750.500
2764.900
2716.800
2746.900
2737.800
2701.900
2726.600
2673.300
2717.100
2706.400
2704.000
2665.300
2698.300
2698.600
2676.200
2692.900
2689.600
2681.400
2700.300
2703.100
2708.600
2660.300
2713.100
2688.200
2699.000
2688.800
2686.300
2646.300
2641.100
2635.000
2692.300
2699.800
2728.400
2695.700
2631.900
2645.400
2694.400
2687.500
2693.600
2672.900
2764.100
2695.200
2707.200
2655.100
2675.500
2706.700
2680.700
2704.400
2637.400
2710.600
2663.500
2684.900
2642.300
2638.900
2692.600
2676.200
2714.800
2733.500
2718.000
2749.100
2685.100
2680.700
2739.000
2695.300
2647.500
2670.500
2652.100
2691.200
2670.700
2653.500
2687.500
2627.600
2709.000
2687.400
2672.200
2666.700
2688.300
2632.100
2725.700
2643.400
2673.700
2675.000
2637.500
2746.600
2692.100
2645.900
2688.600
2673.500
2675.000
2684.400
2639.300
2625.700
2666.500
2656.800
2642.300
2660.900
2681.000
2679.200
2637.200
2647.800
2633.700
2686.400
2672.400
2678.800
2657.400
2679.100
2695.400
2618.600
2668.000
2696.900
2636.000
2665.300
2673.800
2710.700
2685.100
2717.100
2669.400
2678.100
2698.600
2672.300
2673.700
2718.200
2643.200
2667.200
2710.300
2631.000
2753.700
2708.700
2689.400
2653.000
2709.300
2694.900
2717.700
2661.700
2749.000
2686.200
2742.700
2695.600
2669.700
2671.600
2694.600
2672.900
2732.100
2705.000
2630.400
2675.100
2666.600
2672.300
2670.200
2700.300
2645.800
2713.900
2696.300
2690.800
2674.500
2657.900
2703.200
2703.900
2661.600
2687.700
2644.100
2715.300
2686.300
2663.100
2719.800
2638.400
2644.100
2681.700
2706.100
2662.800
2714.500
2660.800
2646.200
2659.200
2696.600
2650.700
2649.100
2669.700
2702.700
2687.800
2675.800
2665.600
2775.000
2662.400
2671.900
2721.800
2748.600
2728.200
2695.300
2654.400
2712.300
2705.600
2719.300
2747.200
2720.200
2678.500
2726.800
2721.300
2753.100
2757.900
2763.200
2689.100
2739.200
2756.000
2763.400
2758.600
2701.100
2728.900
2778.600
2769.400
2705.300
2742.000
2827.600
2736.500
2700.000
2703.200
2694.500
2772.200
2749.300
2700.500
2763.000
2791.500
2734.500
2749.400
2719.700
2738.100
2707.900
2733.400
2723.200
2689.900
2713.100
2675.500
2722.200
2657.000
2670.900
2705.500
2670.300
2714.000
2740.500
2732.000
2734.100
2749.800
2721.800
2727.900
2716.000
2710.400
2687.600
2749.500
2736.600
2707.200
2707.400
2686.400
2735.900
2758.100
2709.100
2759.100
2710.900
2713.900
2688.600
2680.300
2738.500
2712.800
2766.800
2744.700
2715.400
2656.200
2740.600
2702.500
2693.300
2707.800
2723.500
2664.300
2682.100
2698.900
2689.900
2657.500
2696.800
2752.000
2786.500
2704.100
2739.300
2700.600
2679.000
2685.700
2689.800
2679.800
2732.400
2714.000
2673.600
2678.900
2694.000
2725.600
2739.200
2714.000
2677.000
2733.000
2646.000
2757.300
2703.600
2740.800
2670.900
2751.400
2739.200
2691.200
2769.400
2736.400
2732.500
2679.500
2691.600
2737.900
2680.900
2706.500
2651.300
2654.600
2678.800
2768.800
2696.900
2684.700
2691.500
2700.800
2703.600
2712.700
2697.300
2660.300
2687.400
2727.300
2658.900
2659.900
2749.100
2767.800
2711.800
2692.300
2720.600
2740.400
2705.200
2734.000
2723.100
2771.200
2710.600
2751.300
2683.200
2683.800
2712.600
2681.300
2717.400
2719.800
2696.300
2718.000
2703.400
2697.700
2688.300
2699.900
2700.600
2683.500
2684.200
2712.600
2700.100
2637.700
2715.400
2667.400
2687.200
2710.900
2704.500
2685.900
2719.800
2700.700
2689.400
2705.600
2678.100
2722.800
2708.200
2696.300
2685.200
2690.200
2686.300
2654.200
2728.100
2664.900
2662.800
2646.000
2634.000
2693.100
2700.600
2711.600
2667.900
2684.900
2696.200
2656.300
2744.900
2726.600
2677.500
2688.900
2672.300
2675.300
2680.500
2663.300
2672.200
2698.300
2661.400
2694.900
2670.100
2689.900
2652.800
2645.200
2674.800
2693.500
2689.000
2667.400
2669.600
2682.100
2681.800
2637.000
2729.700
2672.400
2681.800
2704.300
2653.100
2631.700
2647.700
2653.300
2705.000
2667.400
2656.600
2640.900
2657.100
2690.100
2655.300
2676.000
2683.400
2677.200
2687.800
2638.000
2659.400
2716.000
2685.100
2671.300
2639.700
2710.600
2693.500
2672.600
2679.000
2666.100
2659.100
2693.800
2655.500
2657.000
2652.900
2651.200
2666.000
2653.700
2625.700
2679.300
2624.600
2613.400
2647.000
2660.300
2634.500
2653.200
2666.400
2690.300
2650.100
2607.200
2633.600
2686.700
2623.300
2629.400
2632.000
2649.100
2624.500
2632.300
2645.900
2648.300
2662.200
2651.100
2644.500
2654.400
2648.200
2651.300
2679.900
2675.100
2617.700
2624.600
2703.800
2693.700
2634.800
2658.400
2667.700
2647.700
2653.200
2634.200
2628.300
2635.700
2654.600
2645.500
2703.300
2659.800
2634.200
2658.200
2635.900
2617.000
2637.800
2654.800
2647.200
2629.500
2680.000
2659.600
2637.100
2625.800
2676.800
2656.400
2633.100
2652.600
2670.600
2675.300
2684.000
2657.500
2660.200
2652.700
2647.600
2660.400
2645.600
2615.700
2611.900
2664.000
2625.400
2625.600
2632.200
2603.700
2605.300
2595.200
2627.900
2623.200
2622.400
2637.100
2615.000
2610.100
2652.000
2619.300
2640.900
2640.000
2606.300
2654.400
2644.500
2639.900
2611.800
2648.300
2640.500
2612.400
2630.400
2621.700
2603.200
2633.600
2632.900
2617.300
2591.000
2602.300
2614.100
2634.200
2631.900
2625.900
2624.200
2602.300
2625.700
2614.500
2638.400
2653.400
2605.800
2596.100
2587.000
2621.600
2632.100
2620.100
2574.200
2593.100
2616.400
2605.700
2625.300
2611.300
2588.100
2651.600
2612.800
2599.400
2634.700
2596.700
2579.000
2602.100
2603.800
2564.200
2617.500
2602.600
2579.100
2622.300
2595.800
2630.500
2600.200
2607.100
2597.200
2601.100
2605.700
2602.600
2595.300
2622.800
2635.400
2579.400
2611.300
2600.900
2605.000
2623.000
2627.600
2561.600
2632.700
2623.500
2614.200
2604.600
2622.500
2607.800
2591.100
2634.200
2626.100
2588.500
2586.200
2581.600
2587.800
2648.400
2609.300
2626.500
2573.600
2554.600
2632.700
2612.800
2562.000
2582.400
2577.800
2620.600
2610.400
2609.000
2623.900
2600.000
2581.400
2555.900
2575.300
2622.600
2587.300
2591.400
2554.300
2596.000
2558.900
2607.500
2613.700
2575.200
2614.200
2602.400
2566.700
2565.600
2552.300
2602.500
2624.500
2616.000
2561.800
2595.000
2602.700
2614.900
2614.000
2605.900
2585.800
2547.400
2628.500
2557.200
2571.300
2606.800
2589.800
2597.500
2626.400
2582.900
2572.600
2619.400
2581.400
2547.100
2580.200
2591.200
2565.300
2605.300
2590.400
2561.200
2599.700
2623.400
2595.700
2593.900
2602.200
2593.300
2577.200
2603.000
2601.100
2591.900
2615.600
2604.700
2625.600
2600.600
2607.100
2578.400
2577.300
2605.800
2585.400
2612.500
2606.800
2596.900
2605.600
2615.200
2577.200
2586.500
2579.200
2583.000
2626.400
2590.800
2611.700
2580.900
2616.000
2580.600
2578.900
2607.500
2571.100
2567.400
2562.200
2577.700
2576.100
2588.900
2581.900
2605.700
2596.300
2596.400
2616.700
2619.200
2588.700
2592.000
2561.700
2590.400
2587.700
2606.200
2620.300
2606.700
2585.400
2592.400
2641.600
2564.200
2605.900
2581.500
2588.700
2619.900
2599.300
2609.300
2617.700
2574.100
2587.700
2599.300
2610.400
2586.200
2588.300
2567.400
2566.000
2599.400
2592.600
2577.300
2600.500
2570.500
2589.100
2600.200
2599.000
2569.100
2603.000
2573.700
2567.500
2595.200
2599.000
2615.300
2629.800
2574.800
2549.300
2598.400
2570.100
2615.300
2581.900
2552.700
2602.700
2553.800
2569.700
2602.300
2577.400
2550.600
2612.900
2571.500
2586.100
2565.200
2617.700
2587.500
2617.400
2604.100
2607.100
2573.100
2606.500
2592.600
2563.000
2573.900
2559.400
2564.900
2618.500
2592.600
2600.000
2601.400
2556.800
2605.600
2590.600
2579.600
2566.500
2574.600
2580.600
2578.100
2597.800
2623.500
2588.400
2606.200
2600.200
2586.800
2592.800
2581.300
2595.800
2617.700
2605.700
2577.500
2596.000
2591.200
2551.400
2596.700
2610.500
2578.100
2582.700
2572.300
2613.700
2604.100
2619.600
2603.400
2591.100
2596.300
2565.500
2603.400
2579.700
2572.700
2607.400
2613.400
2594.400
2568.600
2600.000
2576.600
2611.000
2566.700
2598.100
2562.700
2606.200
2567.800
2552.600
2569.000
2598.000
2576.400
2595.200
2560.800
2598.000
2574.800
2606.400
2581.900
2591.300
2564.200
2566.700
2576.600
2576.600
2594.400
2592.400
2595.300
2587.200
2590.200
2593.000
2605.800
2569.100
2561.400
2581.500
2615.500
2570.400
2594.000
2582.100
2598.800
2588.500
2568.900
2610.100
2575.600
2601.900
2571.600
2579.700
2606.000
2568.700
2607.300
2588.800
2596.400
2601.900
2594.400
2582.700
2630.000
2562.000
2561.800
2576.400
2612.200
2588.800
2582.300
2558.600
2591.300
2578.600
2588.300
2616.100
2609.300
2582.100
2577.000
2569.900
2554.900
2579.900
2625.500
2611.500
2586.800
2590.700
2606.300
2583.000
2579.100
2572.300
2581.000
2570.500
2578.800
2582.000
2597.200
2549.000
2590.600
2570.600
2596.600
2558.600
2593.500
2606.900
2605.000
2592.100
2576.500
2598.000
2615.200
2589.200
2578.800
2612.500
2585.100
2574.300
2638.400
2610.600
2603.200
2585.400
2617.900
2599.200
2567.300
2597.200
2562.200
2611.300
2565.600
2599.100
2589.900
2576.300
2601.400
2590.400
2596.300
2572.400
2586.200
2559.300
2596.600
2588.400
2581.400
2639.300
2637.300
2538.400
2602.200
2568.800
2575.400
2600.100
2570.700
2609.600
2561.100
2572.300
2575.900
2574.800
2574.000
2557.000
2605.400
2592.900
2585.100
2550.100
2581.500
2569.700
2540.600
2591.200
2578.600
2584.400
2570.100
2595.000
2574.700
2594.800
2547.200
2593.800
2572.300
2606.000
2598.700
2640.700
2603.700
2595.800
2610.200
2579.800
2558.000
2591.400
2561.900
2594.000
2559.000
2560.200
2577.700
2593.800
2594.000
2554.700
2586.300
2590.900
2558.600
2617.200
2593.300
2620.800
2632.100
2589.300
2614.100
2586.300
2593.400
2605.700
2629.500
2572.500
2583.500
2565.600
2589.000
2598.300
2573.800
2591.900
2610.400
2594.800
2613.100
2603.300
2586.700
2606.700
2570.700
2594.200
2583.700
2571.100
2604.200
2583.600
2580.700
2608.700
2624.600
2598.500
2608.800
2556.600
2600.700
2576.400
2578.700
2606.000
2595.600
2562.200
2598.100
2597.600
2621.300
2583.700
2571.200
2599.600
2613.200
2588.000
2588.700
2594.700
2571.500
2573.300
2631.400
2576.700
2589.300
2581.200
2578.400
2589.700
2592.600
2577.600
2606.400
2556.800
2577.400
2593.700
2590.600
2610.400
2646.200
2618.100
2623.000
2562.400
2598.400
2586.200
2609.400
2586.700
2575.500
2580.500
2588.400
2604.400
2573.800
2573.600
2599.500
2567.700
2602.600
2602.500
2584.800
2558.700
2615.500
2620.700
2580.900
2613.100
2582.100
2591.700
2603.800
2554.600
2561.000
2561.800
2601.700
2586.600
2602.600
2570.800
2601.500
2577.400
2601.400
2574.400
2593.300
2577.800
2585.500
2577.700
2588.000
2582.100
2585.000
2623.900
2598.000
2557.100
2588.800
2598.500
2593.300
2591.700
2577.700
2576.200
2605.100
2584.400
2562.400
2571.400
2584.200
2588.500
2575.000
2594.100
2557.900
2609.200
2581.700
2562.200
2591.000
2567.800
2603.200
2614.300
2597.400
2598.400
2584.400
2606.700
2569.100
2587.900
2574.000
2587.400
2599.800
2611.000
2584.300
2569.900
2612.600
2624.400
2597.300
2592.600
2570.200
2575.700
2574.300
2565.200
2611.200
2612.100
2607.600
2591.900
2592.000
2569.200
2581.400
2575.000
2581.000
2613.500
2617.300
2633.900
2600.500
2571.000
2592.200
2567.800
2598.800
2579.300
2582.800
2562.500
2579.200
2581.500
2556.500
2547.600
2582.500
2578.000
2590.200
2589.100
2577.900
2553.400
2536.200
2587.500
2550.000
2567.600
2524.500
2594.100
2567.700
2558.200
2577.600
2614.800
2559.600
2568.700
2536.100
2588.800
2556.100
2542.400
2559.900
2582.300
2600.900
2577.900
2600.800
2583.500
2530.100
2570.600
2580.600
2577.000
2560.600
2581.100
2574.700
2558.500
2535.100
2550.600
2545.400
2573.100
2553.000
2595.600
2581.500
2593.600
2578.300
2546.300
2552.500
2574.200
2591.200
2559.900
2581.400
2551.000
2605.100
2563.700
2562.300
2580.200
2589.700
2596.900
2572.300
2610.200
2601.100
2557.900
2582.900
2553.000
2551.500
2558.400
2605.200
2573.600
2594.700
2564.300
2557.000
2585.200
2557.100
2587.200
2551.400
2579.600
2539.600
2548.500
2564.700
2553.900
2577.400
2549.000
2564.700
2568.500
2577.700
2567.200
2562.700
2554.700
2598.000
2553.400
2568.700
2562.900
2540.000
2557.500
2587.000
2583.500
2557.400
2557.300
2562.700
2573.400
2569.900
2600.500
2573.600
2580.200
2572.000
2587.500
2550.200
2573.600
2550.300
2560.500
2576.300
2566.200
2573.800
2569.300
2538.000
2565.400
2563.700
2575.600
2550.000
2566.400
2559.600
2548.000
2590.100
2569.200
2558.500
2595.000
2570.600
2551.800
2588.000
2566.400
2586.600
2549.500
2535.100
2548.600
2551.500
2577.900
2572.400
2585.200
2534.800
2582.200
2534.800
2548.900
2561.600
2542.800
2566.400
2551.800
2557.200
2600.000
2557.900
2569.400
2521.600
2542.700
2599.700
2542.100
2536.000
2546.400
2587.100
2551.100
2557.300
2539.300
2549.200
2546.200
2536.000
2520.400
2588.400
2521.300
2566.700
2545.900
2537.900
2565.600
2551.500
2556.900
2547.200
2610.700
2558.300
2554.400
2551.300
2534.800
2532.200
2550.800
2543.800
2537.400
2546.400
2519.300
2542.200
2566.400
2547.100
2550.100
2532.400
2524.300
2525.500
2536.200
2550.100
2550.600
2543.500
2536.300
2522.900
2537.400
2534.500
2545.300
2547.400
2550.600
2535.300
2519.000
2554.800
2573.300
2542.700
2545.100
2562.500
2561.200
2591.800
2519.000
2571.700
2550.600
2574.700
2600.600
2578.300
2534.800
2536.200
2546.700
2546.100
2538.600
2552.000
2535.800
2546.700
2550.600
2558.500
2542.800
2550.600
2552.000
2551.100
2543.100
2541.500
2540.900
2577.300
2581.100
2558.500
2554.900
2534.800
2555.600
2519.000
2530.900
2545.700
2530.900
2519.000
2519.000
2554.200
2526.700
2560.400
2537.300
2543.900
2543.500
2534.800
2558.900
2565.900
2550.500
2548.100
2530.900
2536.300
2553.200
2532.300
2573.500
2534.900
2592.600
2527.800
2542.800
2554.000
2567.100
2536.600
2551.200
2530.900
2519.000
2541.500
2519.000
2536.200
2530.900
2530.900
2521.400
2528.400
2519.000
2547.100
2532.700
2536.700
2519.000
2519.000
2519.000
2539.400
2519.000
2519.000
2519.000
2519.000
2529.900
2545.200
2526.700
2529.600
2553.400
2545.800
2519.000
2546.300
2527.500
2523.000
2527.500
2535.900
2527.500
2538.100
2545.100
2544.100
2536.000
2537.300
2541.700
2536.000
2520.900
2535.200
2538.800
2524.600
2526.700
2540.300
2519.000
2535.900
2536.700
2546.200
2547.400
2542.100
2520.900
2535.900
2526.700
2523.300
2532.700
2549.000
2531.000
2536.200
2529.100
2530.600
2531.000
2538.100
2541.400
2533.300
2533.400
2533.500
2523.800
2530.600
2519.000
2519.000
2537.600
2528.200
2519.000
2529.100
2521.400
2525.700
2523.800
2527.600
2529.800
2536.600
2530.500
2519.000
2530.900
2528.200
2526.100
2519.000
2524.300
2526.500
2536.100
2536.400
2533.400
2526.100
2519.000
2542.400
2542.000
2535.800
2519.000
2533.000
2523.800
2528.400
2521.400
2537.700
2519.000
2529.100
2524.300
2521.400
2521.400
2519.000
2535.900
2524.300
2521.400
2519.000
2523.800
2527.500
2527.500
2519.000
2519.900
2527.800
2526.700
2519.000
2519.000
2527.200
2519.000
2521.400
2521.400
2529.900
2526.700
2521.400
2523.800
2519.000
2526.700
2526.700
2519.000
2519.000
2521.400
2523.800
2531.000
2521.400
2519.000
2519.000
2526.500
2519.000
2519.000
2521.400
2521.400
2521.400
2519.000
2519.000
2519.000
2519.000
2519.000
2519.000
2519.000
2519.000
2519.000
2519.000
2521.400
2521.400
2519.000
2521.400
2519.000
2524.300
2521.400
2519.000
2519.000
2519.000
2519.000
2519.000
2521.400
2521.400
2526.000
2523.800
2519.000
2519.000
2521.400
2521.400
2519.000
2519.000
2519.000
2521.400
2519.000
2519.000
2519.000
2519.000
2519.000
2523.800
2519.000
2524.300
2519.000
2519.000
2526.000
2519.000
2519.000
2521.400
2521.400
2519.000
2519.000
2521.400
2531.000
2519.000
2519.000
2519.000
2519.000
2519.000
2519.000
2524.300
2521.400
2519.000
2519.000
2519.000
2519.000
2519.000
2524.300
2519.000
2521.400
2519.000
2521.400
2521.400
2521.400
2519.000
2519.000
2521.400
2524.300
2521.400
2519.000
2524.300
2519.000
2519.000
2519.000
2521.400
2519.000
2519.000
2519.000
2519.000
2519.000
2519.000
2519.000
2520.700
2521.400
2519.000
2519.000
2521.400
2521.400
2519.000
2519.000
2519.000
2519.000
2519.000
2519.000
2519.000
2519.000
2526.000
2526.000
2519.000
2519.000
2519.000
2519.000
2519.000
2519.000
2526.000
2519.000
2519.000
2519.000
2526.000
2540.000
2519.000
2519.000
2519.000
2519.000
2519.000
2519.000
2519.000
2526.000
2521.400
2533.000
2519.000
2519.000
2519.000
2526.400
2519.000
2519.000
2519.000
2519.000
2532.700
2525.700
2526.000
2519.000
2519.000
2526.000
2519.000
2519.000
2519.000
2526.000
2519.000
2519.000
2519.000
2519.000
2519.000
2525.700
2528.100
2519.000
2519.000
2519.000
2519.000
2519.000
2527.200
2519.000
2525.700
2525.700
2526.000
2526.000
2526.000
2519.000
2533.000
2519.000
2519.000
2519.000
2519.000
2532.700
2533.000
2537.500
2546.100
2519.000
2525.700
2519.000
2528.100
2521.400
2540.000
2519.000
2526.000
2528.100
2528.100
2521.400
2532.700
2525.700
2519.000
2521.400
2519.000
2524.600
2522.300
2529.300
2519.000
2526.700
2521.400
2521.400
2528.600
2524.300
2523.800
2521.400
2528.100
2528.400
2519.000
2519.000
2523.800
2527.000
2519.000
2524.600
2533.200
2521.400
2526.500
2525.700
2526.000
2519.000
2519.000
2525.700
2521.400
2532.400
2528.100
2525.700
2519.000
2523.800
2523.100
2519.000
2521.400
2532.400
2523.800
2530.500
2519.000
2521.400
2529.800
2522.600
2521.400
2519.000
2523.800
2521.400
2528.100
2519.000
2521.400
2521.400
2521.400
2525.700
2519.000
2519.000
2521.400
2519.000
2519.000
2528.100
2525.700
2521.400
2525.700
2519.000
2519.000
2519.000
2519.000
2528.100
2519.000
2519.000
2521.400
2521.400
2523.800
2519.000
2525.700
2519.000
2521.400
2519.000
2521.400
2519.000
2519.000
2528.100
2521.400
2519.000
2519.000
2519.000
2519.000
2519.000
2519.000
2519.000
2519.000
2519.000
2519.000
2519.000
2521.400
2519.000
2519.000
2519.000
2519.000
2519.000
2525.700
2525.700
2519.000
2519.000
2532.400
2519.000
2525.700
2519.000
2526.200
2519.000
2519.000
2519.000
2519.000
2519.000
2519.000
2519.000
2519.000
2519.000
2519.000
2519.000
2519.000
2519.000
2519.000
2519.000
2519.000
2519.000
2519.000
2519.000
2519.000
2519.000
2519.000
2519.000
2519.000
2519.000
2525.700
2519.000
2519.000
2525.700
2519.000
2519.000
2519.000
2519.000
2525.700
2519.000
2519.000
2526.500
2519.000
2525.700
2519.000
2519.000
2519.000
2519.000
2519.000
2519.000
2519.000
2519.000
2519.000
2519.000
2519.000
2519.000
2519.000
2519.000
2519.000
2519.000
2519.000
2519.000
2519.000
2519.000
2519.000
2519.000
2519.000
2519.000
2519.000
2519.000
2519.000
2519.000
2519.000
2519.000
2519.000
2519.000
2519.000
2519.000
2519.000
2519.000
2519.000
2519.000
2519.000
2519.000
2519.000
2519.000
2519.000
2519.000
2519.000
2519.000
2519.000
2519.000
2519.000
2519.000
2519.000
2519.000
2519.000
2519.000
2519.000
2519.000
2519.000
2519.000
2519.000
2519.000
2519.000
2519.000
2519.000
2519.000
2519.000
2519.000
2519.000
2519.000
2519.000
2519.000
2519.000
2519.000
2519.000
2519.000
2519.000
2519.000
2519.000
2519.000
2519.000
2519.000
2519.000
2519.000
2519.000
2519.000
2519.000
2519.000
2519.000
2519.000
2519.000
2519.000
2519.000
2519.000
2519.000
2519.000
2519.000
2519.000
2519.000
2519.000
2519.000
2519.000
2519.000
2519.000
2519.000
2519.000
2519.000
2519.000
2519.000
2519.000
2519.000
2519.000
2519.000
2519.000
2519.000
2519.000
2519.000
2519.000
2519.000
2519.000
2519.000
2519.000
2519.000
2519.000
2519.000
2519.000
2519.000
2519.000
2519.000
2519.000
2519.000
2519.000
2519.000
2519.000
2519.000
2519.000
2519.000
2519.000
2519.000
2519.000
2519.000
2519.000
2519.000
2519.000
2519.000
2519.000
2519.000
2519.000
2519.000
2519.000
2519.000
2519.000
2519.000
2519.000
2519.000
2519.000
2519.000
2519.000
2519.000
2519.000
2519.000
2519.000
2519.000
2519.000
2519.000
2519.000
2519.000
2519.000
2519.000
2519.000
2519.000
2519.000
2519.000
2519.000
2519.000
2519.000
2519.000
2519.000
2519.000
2519.000
2519.000
2519.000
2519.000
2519.000
2519.000
2519.000
2519.000
2519.000
2519.000
2519.000
2519.000
2519.000
2519.000
2519.000
2519.000
2519.000
2519.000
2519.000
2519.000
2519.000
2519.000
2519.000
2519.000
2519.000
2519.000
2519.000
2519.000
2519.000
2519.000
2519.000
2519.000
2519.000
2519.000
2526.500
2519.000
2519.000
2519.000
2533.200
2526.500
2525.700
2519.000
2519.000
2526.500
2519.000
2526.500
2534.000
2519.000
2519.000
2519.000
2519.000
2519.000
2519.000
2519.000
2519.000
2533.200
2519.000
2519.000
2519.000
2519.000
2519.000
2519.000
2519.000
2519.000
2519.000
2519.000
2519.000
2519.000
2525.700
2519.000
2519.000
2525.700
2526.500
2526.500
2519.000
2525.700
2519.000
2519.000
2519.000
2519.000
2526.200
2519.000
2519.000
2519.000
2519.000
2519.000
2525.700
2519.000
2519.000
2519.000
2519.000
2519.000
2519.000
2519.000
2519.000
2519.000
2519.000
2519.000
2519.000
2519.000
2519.000
2519.000
2519.000
2519.000
2519.000
2519.000
2519.000
2519.000
2519.000
2519.000
2519.000
2525.700
2519.000
2519.000
2519.000
2519.000
2519.000
2519.000
2519.000
2519.000
2519.000
2519.000
2525.700
2525.700
2525.700
2519.000
2519.000
2519.000
2519.000
2519.000
2526.500
2525.700
2519.000
2539.100
2525.700
2519.000
2519.000
2525.700
2539.900
2519.000
2525.700
2519.000
2532.400
2532.400
2539.100
2519.000
2526.500
2519.000
2525.700
2526.000
2519.000
2519.000
2519.000
2525.700
2519.000
2519.000
2519.000
2519.000
2519.000
2519.000
2519.000
2519.000
2526.500
2525.700
2519.000
2525.700
2519.000
2519.000
2519.000
2519.000
2519.000
2519.000
2519.000
2525.700
2519.000
2525.700
2525.700
2519.000
2519.000
2519.000
2519.000
2519.000
2519.000
2519.000
2519.000
2519.000
2519.000
2519.000
2526.500
2519.000
2519.000
2519.000
2526.500
2519.000
2519.000
2519.000
2519.000
2526.500
2519.000
2519.000
2519.000
2519.000
2519.000
2519.000
2519.000
2519.000
2519.000
2519.000
2519.000
2519.000
2519.000
2519.000
2519.000
2519.000
2519.000
2519.000
2519.000
2519.000
2519.000
2519.000
2519.000
2519.000
2519.000
2519.000
2519.000
2519.000
2519.000
2519.000
2519.000
2519.000
2519.000
2519.000
2519.000
2519.000
2519.000
2519.000
2519.000
2519.000
2519.000
2519.000
2519.000
2526.500
2519.000
2519.000
2519.000
2519.000
2519.000
2519.000
2519.000
2519.000
2519.000
2519.000
2519.000
2519.000
2519.000
2519.000
2519.000
2519.000
2519.000
2519.000
2519.000
2519.000
2519.000
2519.000
2519.000
2519.000
2519.000
2519.000
2519.000
2519.000
2519.000
2519.000
2519.000
2519.000
2519.000
2519.000
2519.000
2519.000
2519.000
2519.000
2519.000
2519.000
2519.000
2519.000
2519.000
2519.000
2519.000
2519.000
2519.000
2519.000
2519.000
2519.000
2519.000
2519.000
2519.000
2519.000
2519.000
2519.000
2519.000
2519.000
2519.000
2519.000
2519.000
2519.000
2519.000
2519.000
2519.000
2519.000
2519.000
2519.000
2519.000
2519.000
2519.000
2519.000
2519.000
2519.000
2519.000
2519.000
2519.000
2519.000
2519.000
2519.000
2519.000
2519.000
2519.000
2519.000
2519.000
2519.000
2519.000
2519.000
2519.000
2519.000
2519.000
2519.000
2519.000
2519.000
2519.700
2519.000
2519.000
2519.000
2519.000
2519.000
2519.000
2519.000
2519.000
2519.000
2519.000
2519.000
2519.000
2519.000
2519.000
2519.000
2519.000
2519.000
2519.000
2519.000
2519.000
2525.700
2519.000
2519.000
2519.000
2519.000
2519.000
2519.000
2519.000
2519.000
2519.000
2519.000
2519.000
2519.000
2519.000
2519.000
2519.000
2519.000
2519.000
2519.000
2519.000
2519.000
2519.000
2519.000
2519.000
2519.000
2519.000
2519.000
2519.000
2519.000
2519.000
2519.000
2519.000
2525.700
2519.000
2519.000
2519.000
2519.000
2519.000
2519.000
2519.000
2519.000
2519.000
2519.000
2519.000
2519.000
2519.000
2519.000
2519.000
2519.000
2519.000
2519.000
2519.000
2519.000
2519.000
2519.000
2519.000
2519.000
2519.000
2519.000
2519.000
2519.000
2519.000
2519.000
2519.000
2519.000
2519.000
2519.000
2519.000
2519.000
2519.000
2519.000
2519.000
2519.000
2519.000
2519.000
2519.000
2519.000
2519.000
2519.000
2525.700
2519.000
2519.000
2525.700
2519.000
2519.000
2519.000
2519.000
2519.000
2519.000
2519.000
2519.000
2519.000
2519.000
2519.000
2525.700
2519.000
2519.000
2519.000
2519.000
2519.000
2519.000
2519.000
2519.000
2519.000
2519.000
2519.000
2519.000
2519.000
2525.700
2519.000
2519.000
2519.000
2519.000
2519.000
2519.000
2519.000
2519.000
2519.000
2519.000
2519.000
2519.000
2519.000
2519.000
2519.000
2519.000
2519.000
2519.000
2519.000
2519.000
2519.000
2519.000
2519.000
2519.000
2519.000
2519.000
2519.000
2519.000
2519.000
2519.000
2519.000
2519.000
2519.000
2519.000
2519.000
2519.000
2525.700
2525.700
2519.000
2525.700
2519.000
2526.500
2519.000
2519.000
2525.700
2519.000
2525.700
2519.000
2519.000
2519.000
2519.000
2519.000
2519.000
2519.000
2519.000
2519.000
2525.700
2526.500
2519.000
2526.500
2534.000
2525.700
2519.000
2519.000
2525.700
2519.000
2519.000
2519.000
2525.700
2519.000
2526.500
2519.000
2519.000
2519.000
2519.000
2519.000
2519.000
2519.000
2526.500
2519.000
2519.000
2519.000
2519.000
2519.000
2525.700
2525.700
2519.000
2519.000
2519.000
2519.000
2519.000
2519.000
2519.000
2519.000
2519.000
2519.000
2519.000
2525.700
2519.000
2519.000
2519.000
2525.700
2525.700
2519.000
2519.000
2519.000
2519.000
2519.000
2519.000
2519.000
2526.500
2532.400
2519.000
2519.000
2519.000
2519.000
2519.000
2519.000
2519.000
2519.000
2519.000
2525.700
2519.000
2519.000
2519.000
2519.000
2519.000
2519.000
2519.000
2519.000
2519.000
2519.000
2519.000
2519.000
2519.000
2519.000
2534.000
2525.700
2519.000
2526.500
2526.500
2519.000
2519.000
2519.000
2534.000
2525.700
2525.700
2533.200
2532.400
2526.500
2519.000
2533.200
2519.000
2519.000
2519.000
2526.500
2519.000
2519.000
2525.700
2534.000
2533.200
2519.000
2534.000
2532.400
2519.000
2525.700
2519.000
2519.000
2519.000
2519.000
2519.000
2519.000
2519.000
2519.000
2519.000
2519.000
2519.000
2519.000
2519.000
2519.000
2525.700
2519.000
2525.700
2519.000
2532.700
2519.000
2525.700
2519.000
2519.000
2519.000
2519.000
2532.400
2519.000
2519.000
2525.700
2526.500
2519.000
2519.000
2526.500
2519.000
2519.000
2519.000
2519.000
2519.000
2519.000
2525.700
2526.000
2519.000
2525.700
2519.000
2519.000
2525.700
2525.700
2525.700
2525.700
2525.700
2519.000
2525.700
2519.000
2519.000
2525.700
2525.700
2525.700
2532.400
2519.000
2519.000
2525.700
2519.000
2532.400
2519.000
2525.700
2532.400
2519.000
2519.000
2525.700
2525.700
2525.700
2532.400
2519.000
2539.100
2525.700
2519.000
2532.400
2532.400
2525.700
2525.700
2519.000
2519.000
2519.000
2519.000
2519.000
2519.000
2519.000
2519.000
2525.700
2519.000
2519.000
2519.000
2525.700
2525.700
2533.200
2519.000
2526.500
2519.000
2519.000
2525.700
2526.500
2525.700
2525.700
2519.000
2534.100
2519.000
2525.700
2525.700
2533.200
2519.000
2527.400
2519.000
2519.000
2525.700
2533.500
2519.000
2525.700
2525.700
2532.400
2525.700
2519.000
2519.000
2525.700
2519.000
2519.000
2519.000
2519.000
2533.200
2526.500
2519.000
2526.000
2525.700
2519.000
2519.000
2526.000
2519.000
2525.700
2519.000
2519.000
2519.000
2519.000
2542.700
2526.000
2519.000
2519.000
2519.000
2529.000
2519.000
2519.000
2519.000
2519.000
2519.000
2519.000
2519.000
2519.000
2519.000
2519.000
2525.700
2532.400
2519.000
2519.000
2519.000
2533.200
2525.700
2519.000
2519.900
2519.000
2525.700
2519.000
2519.000
2519.000
2519.000
2519.000
2519.000
2519.000
2519.000
2519.000
2519.000
2519.000
2519.000
2519.000
2519.000
2519.000
2519.000
2519.000
2525.700
2519.000
2519.000
2519.000
2519.000
2519.000
2525.700
2519.000
2519.000
2519.000
2519.000
2519.000
2519.000
2519.000
2519.000
2519.000
2525.700
2519.000
2519.000
2519.000
2519.000
2519.000
2519.000
2519.000
2519.000
2519.000
2519.000
2519.000
2519.000
2519.000
2519.000
2519.000
2519.000
2519.000
2519.000
2519.000
2519.000
2519.000
2519.000
2519.000
2519.000
2519.000
2519.000
2519.000
2519.000
2519.000
2525.700
2519.000
2519.000
2519.000
2519.000
2519.000
2519.000
2519.000
2519.000
2519.000
2519.000
2519.000
2519.000
2519.000
2519.000
2519.000
2519.000
2525.700
2519.000
2519.000
2519.000
2519.000
2525.700
2525.700
2525.700
2519.000
2519.000
2519.000
2519.000
2519.000
2525.700
2519.000
2519.000
2519.000
2519.000
2519.000
2525.700
2519.000
2519.000
2519.000
2519.000
2525.700
2519.000
2519.000
2519.000
2519.000
2519.000
2519.000
2519.000
2519.000
2519.000
2519.000
2519.000
2519.000
2519.000
2519.000
2519.000
2519.000
2525.700
2519.000
2519.000
2525.700
2519.000
2519.000
2519.000
2519.000
2519.000
2519.000
2519.000
2519.000
2519.000
2519.000
2519.000
2519.000
2519.000
2519.000
2519.000
2519.000
2519.000
2519.000
2519.000
2519.000
2519.000
2519.000
2519.000
2519.000
2519.000
2519.000
2519.000
2519.000
2519.000
2519.000
2519.000
2519.000
2532.400
2519.000
2525.700
2519.000
2519.000
2525.700
2519.000
2519.000
2519.000
2519.000
2519.000
2519.000
2519.000
2519.000
2519.000
2519.000
2519.000
2519.000
2519.000
2519.000
2519.000
2525.700
2519.000
2519.000
2519.000
2525.700
2519.000
2519.000
2519.000
2519.000
2519.000
2525.700
2519.000
2519.000
2519.000
2519.000
2519.000
2519.000
2519.000
2525.700
2519.000
2519.000
2519.000
2519.000
2519.000
2519.000
2519.000
2519.000
2519.000
2519.000
2519.000
2519.000
2519.000
2519.000
2519.000
2519.000
2519.000
2519.000
2519.000
2519.000
2519.000
2519.000
2519.000
2519.000
2519.000
2519.000
2519.000
2525.700
2519.000
2519.000
2525.700
2519.000
2519.000
2519.000
2519.000
2525.700
2519.000
2519.000
2519.000
2519.000
2532.400
2519.000
2525.700
2519.000
2525.700
2525.700
2519.000
2525.700
2519.000
2519.000
2519.000
2519.000
2519.000
2519.000
2519.000
2519.000
2519.000
2519.000
2519.000
2532.400
2519.000
2519.000
2519.000
2519.000
2532.400
2519.000
2519.000
2519.000
2519.000
2519.000
2532.400
2519.000
2519.000
2519.000
2519.000
2519.000
2519.000
2519.000
2519.000
2519.000
2519.000
2519.000
2519.000
2519.000
2519.000
2519.000
2525.700
2519.000
2539.100
2519.000
2519.000
2519.000
2519.000
2519.000
2519.000
2519.000
2519.000
2519.000
2519.000
2525.700
2519.000
2519.000
2519.000
2519.000
2519.000
2519.000
2519.000
2519.000
2519.000
2519.000
2519.000
2519.000
2519.000
2519.000
2519.000
2519.000
2519.000
2519.000
2525.700
2519.000
2532.400
2519.000
2519.000
2519.000
2525.700
2519.000
2519.000
2519.000
2519.000
2525.700
2525.700
2519.000
2525.700
2532.400
2519.000
2532.400
2525.700
2519.000
2519.000
2519.000
2525.700
2519.000
2519.000
2519.000
2519.000
2519.000
2519.000
2525.700
2525.700
2525.700
2519.000
2519.000
2519.000
2519.000
2519.000
2519.000
2525.700
2519.000
2519.000
2519.000
2519.000
2519.000
2525.700
2519.000
2525.700
2519.000
2519.000
2519.000
2519.000
2519.000
2519.000
2519.000
2519.000
2519.000
2519.000
2519.000
2519.000
2519.000
2519.000
2519.000
2519.000
2519.000
2519.000
2519.000
2519.000
2519.000
2519.000
2519.000
2519.000
2519.000
2519.000
2519.000
2519.000
2525.700
2519.000
2519.000
2519.000
2519.000
2525.700
2519.000
2525.700
2519.000
2525.700
2525.700
2519.000
2519.000
2519.000
2519.000
2525.700
2519.000
2525.700
2519.000
2519.000
2519.000
2519.000
2519.000
2519.000
2525.700
2519.000
2519.000
2519.000
2519.000
2525.700
2519.000
2519.000
2525.700
2519.000
2519.000
2519.000
2519.000
2519.000
2519.000
2519.000
2519.000
2519.000
2519.000
2519.000
2519.000
2519.000
2519.000
2519.000
2519.000
2525.700
2519.000
2519.000
2519.000
2519.000
2519.000
2519.000
2519.000
2519.000
2519.000
2519.000
2519.000
2519.000
2519.000
2519.000
2519.000
2519.000
2519.000
2525.700
2519.000
2519.000
2519.000
2519.000
2519.000
2519.000
2519.000
2519.000
2519.000
2519.000
2519.000
2519.000
2519.000
2519.000
2519.000
2519.000
2519.000
2519.000
2519.000
2519.000
2519.000
2519.000
2519.000
2519.000
2519.000
2519.000
2519.000
2519.000
2519.000
2519.000
2519.000
2519.000
2519.000
2519.000
2519.000
2519.000
2519.000
2519.000
2519.000
2519.000
2519.000
2519.000
2519.000
2519.000
2519.000
2519.000
2519.000
2519.000
2519.000
2519.000
2519.000
2519.000
2519.000
2519.000
2519.000
2519.000
2519.000
2519.000
2519.000
2519.000
2519.000
2519.000
2519.000
2519.000
2519.000
2519.000
2519.000
2519.000
2519.000
2519.000
2519.000
2519.000
2519.000
2519.000
2519.000
2519.000
2519.000
2519.000
2519.000
2519.000
2519.000
2519.000
2519.000
2519.000
2519.000
2519.000
2519.000
2519.000
2519.000
2519.000
2519.000
2519.000
2519.000
2519.000
2519.000
2519.000
2519.000
2519.000
2519.000
2519.000
2519.000
2519.000
2519.000
2519.000
2519.000
2519.000
2519.000
2519.000
2519.000
2519.000
2519.000
2519.000
2519.000
2519.000
2519.000
2519.000
2519.000
2519.000
2519.000
2519.000
2519.000
2519.000
2519.000
2519.000
2519.000
2519.000
2519.000
2519.000
2519.000
2519.000
2519.000
2519.000
2519.000
2519.000
2519.000
2519.000
2519.000
2519.000
2519.000
2519.000
2519.000
2519.000
2519.000
2519.000
2519.000
2519.000
2519.000
2519.000
2519.000
2519.000
2519.000
2519.000
2519.000
2519.000
2519.000
2519.000
2519.000
2519.000
2519.000
2519.000
2519.000
2519.000
2519.000
2519.000
2519.000
2519.000
2519.000
2519.000
2519.000
2519.000
2519.000
2519.000
2519.000
2519.000
2519.000
2519.000
2519.000
2519.000
2519.000
2519.000
2519.000
2519.000
2519.000
2519.000
2519.000
2519.000
2519.000
2519.000
2519.000
2519.000
2519.000
2519.000
2519.000
2519.000
2519.000
2519.000
2519.000
2519.000
2519.000
2519.000
2519.000
2519.000
2519.000
2519.000
2519.000
2519.000
2519.000
2519.000
2519.000
2519.000
2519.000
2519.000
2519.000
2519.000
2519.000
2519.000
2519.000
2519.000
2519.000
2519.000
2519.000
2519.000
2519.000
2519.000
2519.000
2519.000
2519.000
2519.000
2519.000
2519.000
2519.000
2519.000
2519.000
2519.000
2519.000
2519.000
2519.000
2519.000
2519.000
2519.000
2519.000
2519.000
2519.000
2519.000
2519.000
2519.000
2519.000
2519.000
2519.000
2519.000
2519.000
2519.000
2519.000
2519.000
2519.000
2519.000
2519.000
2519.000
2519.000
2519.000
2519.000
2519.000
2519.000
2519.000
2519.000
2519.000
2519.000
2519.000
2519.000
2519.000
2519.000
2519.000
2519.000
2519.000
2519.000
2519.000
2519.000
2519.000
2519.000
2519.000
2519.000
2519.000
2519.000
2519.000
2519.000
2519.000
2519.000
2519.000
2519.000
2519.000
2519.000
2519.000
2519.000
2519.000
2519.000
2519.000
2519.000
2519.000
2519.000
2519.000
2519.000
2519.000
2519.000
2519.000
2519.000
2519.000
2519.000
2519.000
2519.000
2519.000
2519.000
2519.000
2519.000
2519.000
2519.000
2519.000
2519.000
2519.000
2519.000
2519.000
2519.000
2519.000
2519.000
2519.000
2519.000
2519.000
2519.000
2519.000
2519.000
2519.000
2519.000
2519.000
2519.000
2519.000
2519.000
2519.000
2519.000
2519.000
2519.000
2519.000
2519.000
2519.000
2519.000
2519.000
2519.000
2519.000
2519.000
2519.000
2519.000
2519.000
2519.000
2519.000
2519.000
2519.000
2519.000
2519.000
2519.000
2519.000
2519.000
2519.000
2519.000
2519.000
2519.000
2519.000
2519.000
2519.000
2519.000
2519.000
2519.000
2519.000
2519.000
2519.000
2519.000
2519.000
2519.000
2519.000
2519.000
2519.000
2519.000
2519.000
2519.000
2519.000
2519.000
2519.000
2519.000
2519.000
2519.000
2519.000
2519.000
2519.000
2519.000
2519.000
2519.000
2519.000
2519.000
2519.000
2519.000
2519.000
2519.000
2519.000
2519.000
2519.000
2519.000
2519.000
2519.000
2519.000
2519.000
2519.000
2519.000
2519.000
2519.000
2519.000
2519.000
2519.000
2519.000
2519.000
2519.000
2519.000
2519.000
2519.000
2519.000
2519.000
2519.000
2519.000
2519.000
2519.000
2519.000
2519.000
2519.000
2519.000
2519.000
2519.000
2519.000
2519.000
2519.000
2519.000
2519.000
2519.000
2519.000
2519.000
2519.000
2519.000
2519.000
2519.000
2519.000
2519.000
2519.000
2519.000
2519.000
2519.000
2519.000
2519.000
2519.000
2519.000
2519.000
2519.000
2519.000
2519.000
2519.000
2519.000
2519.000
2519.000
2519.000
2519.000
2519.000
2519.000
2519.000
2519.000
2519.000
2519.000
2519.000
2519.000
2519.000
2519.000
2519.000
2519.000
2519.000
2519.000
2519.000
2519.000
2519.000
2519.000
2519.000
2519.000
2519.000
2519.000
2519.000
2519.000
2519.000
2519.000
2519.000
2519.000
2519.000
2519.000
2519.000
2519.000
2519.000
2519.000
2519.000
2519.000
2519.000
2519.000
2519.000
2519.000
2519.000
2519.000
2519.000
2519.000
2519.000
2519.000
2519.000
2519.000
2519.000
2519.000
2519.000
2519.000
2519.000
2519.000
2519.000
2519.000
2519.000
2519.000
2519.000
2519.000
2519.000
2519.000
2519.000
2519.000
2519.000
2519.000
2519.000
2519.000
2519.000
2519.000
2519.000
2519.000
2519.000
2519.000
2519.000
2519.000
2519.000
2519.000
2519.000
2519.000
2519.000
2519.000
2519.000
2519.000
2519.000
2519.000
2519.000
2519.000
2519.000
2519.000
2519.000
2519.000
2519.000
2519.000
2519.000
2519.000
2519.000
2519.000
2519.000
2519.000
2519.000
2519.000
2519.000
2519.000
2519.000
2519.000
2519.000
2519.000
2519.000
2519.000
2519.000
2519.000
2519.000
2519.000
2519.000
2519.000
2519.000
2519.000
2519.000
2519.000
2519.000
2519.000
2519.000
2519.000
2519.000
2519.000
2519.000
2519.000
2519.000
2519.000
2519.000
2519.000
2519.000
2519.000
2519.000
2519.000
2519.000
2519.000
2519.000
2519.000
2519.000
2519.000
2519.000
2519.000
2519.000
2519.000
2519.000
2519.000
2519.000
2519.000
2519.000
2519.000
2519.000
2519.000
2519.000
2519.000
2519.000
2519.000
2519.000
2519.000
2519.000
2519.000
2519.000
2519.000
2519.000
2519.000
2519.000
2519.000
2519.000
2519.000
2519.000
2519.000
2519.000
2519.000
2519.000
2519.000
2519.000
2519.000
2519.000
2519.000
2519.000
2519.000
2519.000
2519.000
2519.000
2519.000
2519.000
2519.000
2519.000
2519.000
2519.000
2519.000
2519.000
2519.000
2519.000
2519.000
2519.000
2519.000
2519.000
2519.000
2519.000
2519.000
2519.000
2519.000
2519.000
2519.000
2519.000
2519.000
2519.000
2519.000
2519.000
2519.000
2519.000
2519.000
2519.000
2519.000
2519.000
2519.000
2519.000
2519.000
2519.000
2519.000
2519.000
2519.000
2519.000
2519.000
2519.000
2519.000
2519.000
2519.000
2519.000
2519.000
2519.000
2519.000
2519.000
2519.000
2519.000
2519.000
2519.000
2519.000
2519.000
2519.000
2519.000
2519.000
2519.000
2519.000
2519.000
2519.000
2519.000
2519.000
2519.000
2519.000
2519.000
2519.000
2519.000
2519.000
2519.000
2519.000
2519.000
2519.000
2519.000
2519.000
2519.000
2519.000
2519.000
2519.000
2519.000
2519.000
2519.000
2519.000
2519.000
2519.000
2519.000
2519.000
2519.000
2519.000
2519.000
2519.000
2519.000
2519.000
2519.000
2519.000
2519.000
2519.000
2519.000
2519.000
2519.000
2519.000
2519.000
2519.000
2519.000
2519.000
2519.000
2519.000
2519.000
2519.000
2519.000
2519.000
2519.000
2519.000
2519.000
2519.000
2519.000
2519.000
2519.000
2519.000
2519.000
2519.000
2519.000
2519.000
2519.000
2519.000
2519.000
2519.000
2519.000
2519.000
2519.000
2519.000
2519.000
2519.000
2519.000
2519.000
2519.000
2519.000
2519.000
2519.000
2519.000
2519.000
2519.000
2519.000
2519.000
2519.000
2519.000
2519.000
2519.000
2519.000
2519.000
2519.000
2519.000
2519.000
2519.000
2519.000
2519.000
2519.000
2519.000
2519.000
2519.000
2519.000
2519.000
2519.000
2519.000
2519.000
2519.000
2519.000
2519.000
2519.000
2519.000
2519.000
2519.000
2519.000
2519.000
2519.000
2519.000
2519.000
2519.000
2519.000
2519.000
2519.000
2519.000
2519.000
2519.000
2519.000
2519.000
2519.000
2519.000
2519.000
2519.000
2519.000
2519.000
2519.000
2519.000
2519.000
2519.000
2519.000
2519.000
2519.000
2519.000
2519.000
2519.000
2519.000
2519.000
2519.000
2519.000
2519.000
2519.000
2519.000
2519.000
2519.000
2519.000
2519.000
2519.000
2519.000
2519.000
2519.000
2519.000
2519.000
2519.000
2519.000
2519.000
2519.000
2519.000
2519.000
2519.000
2519.000
2519.000
2519.000
2519.000
2519.000
2519.000
2519.000
2519.000
2519.000
2519.000
2519.000
2519.000
2519.000
2519.000
2519.000
2519.000
2519.000
2519.000
2519.000
2519.000
2519.000
2519.000
2519.000
2519.000
2519.000
2519.000
2519.000
2519.000
2519.000
2519.000
2519.000
2519.000
2519.000
2519.000
2519.000
2519.000
2519.000
2519.000
2519.000
2519.000
2519.000
2519.000
2519.000
2519.000
2519.000
2519.000
2519.000
2519.000
2519.000
2519.000
2519.000
2519.000
2519.000
2519.000
2519.000
2519.000
2519.000
2519.000
2519.000
2519.000
2519.000
2519.000
2519.000
2519.000
2519.000
2519.000
2519.000
2519.000
2519.000
2519.000
2519.000
2519.000
2519.000
2519.000
2519.000
2519.000
2519.000
2519.000
2519.000
2519.000
2519.000
2519.000
2519.000
2519.000
2519.000
2519.000
2519.000
2519.000
2519.000
2519.000
2519.000
2519.000
2519.000
2519.000
2519.000
2519.000
2519.000
2519.000
2519.000
2519.000
2519.000
2519.000
2519.000
2519.000
2519.000
2519.000
2519.000
2519.000
2519.000
2519.000
2519.000
2519.000
2519.000
2519.000
2519.000
2519.000
2519.000
2519.000
2519.000
2519.000
2519.000
2519.000
2519.000
